2594
4181
3235
313
406
283
2334
518
1216
4225
4856
154
440
1787
1821
1573
2418
3016
161
795
2145
3523
318
542
20
1327
4836
2587
368
4427
503
3092
4568
4497
2529
1543
101
3719
3431
644
1022
4078
3819
802
3355
4340
1384
2
830
2197
2966
2973
2166
2353
3534
2006
4688
325
2680
1793
2318
214
4350
4815
2136
1386
232
1795
3218
588
4898
4349
1403
2842
4951
3902
4503
1284
190
2171
2653
3472
627
4075
2975
1721
3196
1798
4602
4609
3906
4608
4313
936
3685
3748
1022
3057
2238
170
474
1248
282
832
230
769
2497
3720
3120
2682
2214
2747
1643
3632
505
1165
3079
595
228
2381
2364
440
4453
3390
3077
885
3461
700
336
4266
2777
4891
482
734
2566
752
23
2282
82
2248
1219
4397
247
46
3799
3856
2447
2790
3462
593
399
2782
1911
3292
4815
2072
1609
3574
3033
4124
864
1287
2503
4977
4335
155
2539
963
4640
4297
731
2056
1560
4699
4588
3552
640
1549
2050
3497
4289
3605
711
65
3551
4925
1119
2575
912
3701
4392
1533
3261
2633
3645
771
2242
1616
2451
2352
4468
1900
2030
972
1979
2763
4254
4082
4122
1487
4710
2175
4363
946
1034
3298
3384
3660
3754
602
529
480
760
1608
2095
4843
337
4991
4554
136
116
3731
1072
3248
4526
1553
1388
3760
4003
3399
4713
3883
1965
1665
3962
1093
3625
102
4749
477
2415
4079
4432
3551
415
1044
4019
2802
259
3315
1456
779
1306
2454
1207
1309
645
4449
4219
24
360
807
4255
275
1947
908
2014
2108
824
4057
3890
878
1655
81
4470
2854
994
310
994
1073
2441
2877
2062
940
3036
132
3598
733
772
1393
2001
4706
3065
4190
2248
3797
3673
2143
4126
2502
31
3438
1531
1026
1681
464
367
3391
2919
3281
801
3007
2990
1945
2570
4466
476
29
1509
4372
736
2382
3633
4084
2033
3683
3278
3812
154
4128
2508
743
2287
3820
2763
741
3942
910
1112
3723
3314
1384
254
4461
2877
4388
2879
685
4360
2537
3408
917
2251
1549
2355
1636
3545
3290
1309
3333
90
186
4050
4729
171
3727
1929
2918
1123
3365
1934
1504
127
4594
4164
4316
2214
605
3366
4475
4477
1478
1234
925
4441
4011
1617
4796
3484
3705