2714
255
1038
883
2413
2069
956
318
3234
94
1084
558
2905
2563
3783
1665
2144
3270
1871
3085
1858
174
1370
2765
150
2212
3489
4530
868
634
4986
4792
2478
4700
2220
2766
3894
3007
2469
4229
3215
1076
4363
2377
1921
2953
4965
2406
2713
3710
926
2687
3317
523
671
4294
761
1419
4740
1131
808
3286
3971
1716
3475
3734
610
2595
1259
3540
1964
4181
298
488
1296
4475
4096
3682
75
483
3246
461
652
3839
4742
3638
2478
4574
1200
976
1724
3726
3070
3917
2688
1301
2036
4479
4577
192
4022
4871
4068
245
125
3102
4297
2975
4123
3838
1673
1021
3414
3818
4395
981
2652
4534
1111
370
484
3841
3584
460
4731
1993
2695
1631
2239
2055
434
2209
166
815
4062
435
1994
703
695
1928
481
2337
3333
1564
1336
137
2334
3047
3067
4124
37
1184
3206
4445
641
4468
70
4174
3147
1932
1197
193
4201
2052
2890
742
3084
1036
4629
2541
4785
3913
1746
3844
2656
1887
4543
4933
228
2025
98
489
2524
435
3847
1391
3267
115
4416
2146
4003
3631
2542
3270
4375
3986
2355
861
809
3490
2668
4671
3827
3829
761
604
2030
2769
76
4386
3436
595
1507
4158
187
2627
1030
155
3784
2905
2745
2685
866
893
4240
4107
251
86
64
200
1903
4630
1406
2169
3135
3698
2849
296
347
3703
4722
2438
2113
1715
664
4614
1961
3085
2909
982
1803
4337
4481
4175
2892
1600
1747
4626
2145
2208
3503
3376
2369
227
3377
1741
3101
2035
4155
1627
3499
3049
2712
3653
3716
3199
4897
3915
383
4489
1571
3682
3552
2692
3628
3691
4610
233
3479
2806
3584
3051
1593
4061
2016
174
4124
3404
505
4744
1490
2014
3308
3633
1977
630
668
2375
1488
4329
4567
1980
4664
171
1900
3335
3561
1161
4049
837
4873
4156
589
1696
1023
1164
1689
207
767
1170
3687
1999
4195
4052
1012
4285
3694
2830
3446
4122
493
2455
922
3507
3185
2615
3424
3377
4493
113
4979
4105
2690
484
774
2918
577
4607
508
4382
192
2542
2515
4537
3100
3461
4378
2620
1198
4678
1465
1827
993
886
2986
2127
3468
1138
4622
2643
3284
2492
4131
3058
4951
4005
3366
2081
1585
3558
1332
1270
2347
2263
3942
3758
4438
1862
365
2956
3354
4401
4355
4772
838
1851
3538
4809
3182
4766
1046
376
4894
3516
4074
4481
4117
1750
3848
3099
802
617
4478
3875
362
4259
2370
949
510
4044
3671
619
3316
1519
4700
3138
2354
2105
4923
3789
1601
2039
4921
4175
3471
3085
198
4485
4139
3263
3095
1772
3280
178
2086
1599
3702
4383
2058
1444
2490
3065
597
4198
4957
796
3780
710
4956
1906
3651
4556
596
1213
2625
3496
1257
2872
3422
528
4430
278
1020
1933
4981
1574
4176
1459
1653
215
2683
397
1868
1507
2798
2005
319
1570
804
2476
2044
4151
778
3001
4329
4737
3029
4683
3449
4772
1994
4325
3529
1315
740
2070
2723
2021
4595
3125
2021
2772
2731
741
289
2504
4363
4651
3625
4242
3060
3299
803
4071
4866
3643
1420
2352
928
1643
1443
1491
3121
269
969
3299
14
4020
1426
4132
2289
1968
1605
3942
3077
4448
1880
2716
2989
3229
2313
869
594
2420
245
245
2661
2738
1241
547
1523
4189
887
1945
3958
801
4076
3822
1053
1482
2321
2300
3174
2502
378
1512
1799
2499
1378
4120
1318
837
3179
1827
816
1748
4586
3682
1298
4826
4785
229
3209
4378
528
1017
2045
2649
2368
2529
2004
1970
1170
764
1706
4619
3614
4777
4075
4520
290
701
4555
3441
3419
2576
4344
869
1374
4643
2446
3512
311
865
2279
643
3648
1396
2216
1756
285
965
2454
2722
3934
122
1151
1217
749
105
959
4772
2798
978
3999
1353
3201
2448
2738
1888
4588
2260
2114
3300
161
1624
382
660
2656
3055
1358
4358
2760
2414
3295
1993
1905
1680
853
4756
2737
2846
2319
4225
4992
689
2746
1652
1185
1169
205
1235
2093
1502
4094
1546
4578
4204
360
1964
2157
3046
4369
3458
2093
4440
1156
725
1621
2847
1389
931
3067
1474
3727
340
4495
3947
3119
2755
2661
966
1415
4961
26
469
3827
4456
4094
2359
2329
2700
2323
141
1219
3247
2035
1227
1427
4875
2964
394
2508
2041
1571
2752
469
1549
6
4968
4651
4479
4592
4987
815
3804
4114
4613
3081
3921
4712
4756
988
328
3908
1033
3129
4570
17
804
2614
4796
1233
5000
3044
3294
572
1538
4678
1811
4689
708
3793
759
1125
4471
2276
2117
106
2057
1450
2474
731
3449
3147
1545
4565
2112
2367
4996
840
3273
3021
1763
2058
4347
680
3474
2910
1237
675
4649
4864
232
3786
4134
3471
3216
431
4223
2311
2116
920
2508
332
1755
3508
2144
3148
3832
3812
2799
250
3145
799
2329
2634
3593
4900
1328
1905
459
3094
4206
689
2380
4258
2300
4052
4388
1062
4316
1811
3414
1232
4679
219
4297
4803
4561
650
3295
2115
1685
3111
3655
683
256
2063
1
553
3244
805
2033
3625
1108
4477
1968
1983
4242
3278
2953
3816
3294
2372
2176
3766
868
2353
3167
4299
1986
2204
2454
3094
4673
2356
1619
3991
3548
1277
4866
4274
2809
1244
3888
2638
3683
4875
2244
3468
4366
1211
772
3092
265
1054
931
3055
1868
1398
3121
700
1828
4788
3027
937
2777
4754
1299
338
4240
1593
4534
1250
1542
1911
3526
4997
1282
1411
4583
3568
4536
183
3193
152
4948
3672
3598
1835
3025
3668
1452
1586
131
3423
1247
4230
3043
3641
2444
713
996
1050
1915
1137
3115
1610
2974
650
634
4212
3946
2327
1478
128
4730
3539
3162
957
1312
4345
4278
771
1394
201
1817
2390
4033
461
742
3693
2839
2864
3338
320
3881
235
3311
394
699
1934
1025
4050
4325
1399
2773
4564
3155
2599
2046
2517
3204
2784
2014
386
10
4454
3310
1604
2811
2937
4044
599
79
1586
818
3920
3962
3013
3185
3001
877
2435
3780
3666
1744
4134
651
2689
2226
445
2336
4085
1964
2684
1752
2568
1802
719
3817
2077
1833
3677
4661
3012
2146
659
3803
1191
4034
3160
549
2213
3576
27
2912
295
1341
4723
2299
2673
662
3119
4775
1930
2835
4384
1556
3765
4922
3181
1700
1778
2118
995
3865
660
1818
1414
1237
4229
4448
2884
4553
2687
2051
4795
1654
1959
1506
3599
3502
956
2179
2468
618
1771
1032
2156
3513
2345
4600
1811
3800
3289
3215
330
2222
3561
1437
4690
1218
1175
1156
4619
251
4031
3324
4518
874
3279
2226
977
4602
4729
3709
3142
2971
2168
3724
3437
4853
1506
4837
2635
653
3487
1784
2522
3642
1231
3604
4190
4081
3123
309
4432
4446
712
537
2868
301
1595
1145
2355
176
4254
3782
73
3822
727
3772
2783
743
2386
2139
2230
1128
4270
524
821
582
4052
2160
3770
3637
4636
2554
2488
2507
3877
4234
4354
4893
4350
79
907
4282
3673
2436
2752
1079
3580
4464
1811
4055
1161
4644
5
1935
864
2410
3589
383
4353
1647
2413
1732
212
2703
1991
4662
2152
2190
2202
128
2601
3393
1623
3843
1116
4158
4268
419
4185
4184
2279
94
311
4494
1393
1401
4123
1538
3435
3632
841
2385
1510
2162
787
3899
838
2757
266
2966
4066
3874
1768
599
162
4962
1154
3134
4000
1739
1676
3339
4808
3535
2680
3630
1062
3627
4223
3374
438
1032
1484
361
4660
838
3744
3382
4914
4355
4554
1460
737
661
2256
1783
611
125
2055
1856
4507
1354
844
3698
2459
4022
4431
1520
1426
3424
296
867
3832
1955
2938
2495
782
4454
975
3700
170
4827
1292
4648
1781
3434
3358
2910
2250
392
3763
4007
2860
4025
1406
442
2094
4598
901
4886
3073
1396
2296
1531
2007
4294
2148
1800
4167
3526
2426
2904
4547
740
3641
197
3572
1757
1241
3399
3688
3033
3316
708
2902
3758
3195
511
4316
794
1360
3348
3058
49
1437
712
4953
4205
1758
2505
4314
2183
373
382
2184
4201
3025
3130
3662
1320
200
1546
467
1396
3973
252
3963
3917
2675
4058
2567
3542
4162
696
238
3732
777
3445
1853
243
48
1352
1592
719
2270
1821
3984
862
4192
907
1215
1465
3619
1925
4306
3951
1121
1038
1077
2504
2822
257
3060
3883
127
4416
4637
1163
2803
3033
3533
115
2072
2475
894
3205
4828
1152
2682
1758
58
688
2834
24
329
4520
572
2262
1910
4319
79
2410
1133
764
2528
1882
4115
607
4431
4635
1663
1445
4639
2491
3159
1534
73
1512
2737
3844
32
2387
213
59
463
2435
2335
2953
689
1087
680
1400
2831
1550
2087
2303
4142
3990
4893
4063
1154
4767
2986
3074
2921
4649
345
3141
1049
2386
2240
1310
602
1347
3747
4286
4842
923
1876
4019
2358
1886
1884
3534
4759
2850
3229
1985
4660
2778
855
4032
1046
1804
2895
4299
4728
2036
5000
1172
3973
4726
2197
226
3970
4930
2730
530
947
1917
964
3848
4264
275
1270
3476
873
4825
1150
3702
4020
1953
3721
242
3961
2712
1497
4395
3492
1890
253
4078
3043
2186
783
1212
3805
2659
1797
4297
3954
2703
4977
3825
2012
4394
4282
1908
2985
1679
3260
1251
3153
3160
874
3310
4118
1548
1703
759
1476
1397
3238
2274
488
3445
603
586
2779
3165
3483
2184
4399
3860
1612
3334
1807
473
2736
654
1181
3811
1339
88
1913
870
2807
1746
1314
1593
2395
1824
1622
3086
4406
632
3054
4607
2801
4138
2553
2060
3007
4315
3358
2275
3441
3282
4157
3309
2307
2768
2208
4060
4216
1023
2698
2464
4995
4360
2072
3877
3542
4954
1659
525
4818
4679
1418
537
3372
2922
1340
4398
1675
2517
4359
1569
1882
1500
2201
208
4257
2071
2364
979
3976
1425
2433
4272
3702
951
3697
114
4414
4834
534
1225
1296
3601
2921
4223
4016
3536
3278
4499
2079
4380
3171
4523
3944
1590
1701
4389
4767
320
2654
4559
4148
4699
3029
2233
4397
1883
2687
4979
2537
1046
3254
65
1228
2457
1701
3552
235
2787
1425
3938
2322
3026
4648
3674
2070
4812
4063
1865
3749
1716
2901
191
789
3336
875
1558
4115
4319
2850
3040
1948
3976
58
552
1859
1665
3361
4183
3953
1444
376
4348
4427
2542
283
205
3803
20
4020
4028
1865
3165
3061
3000
900
2685
3172
4194
467
3329
1771
2065
2550
4361
4429
1935
790
3782
2996
4421
4373
4740
2302
1209